x,y,mouseDown,timestamp
1429,118,0,1
1428,118,0,512
1427,118,0,519
1424,119,0,527
1422,121,0,535
1421,121,0,552
1418,121,0,560
1417,121,0,567
1416,122,0,575
1413,122,0,583
1409,122,0,591
1403,122,0,599
1396,122,0,608
1386,121,0,616
1377,119,0,623
1370,117,0,631
1360,115,0,640
1352,114,0,647
1345,114,0,658
1337,112,0,664
1329,111,0,671
1318,111,0,679
1309,108,0,688
1299,107,0,695
1287,105,0,704
1276,105,0,711
1267,105,0,720
1260,105,0,728
1252,105,0,735
1245,105,0,744
1239,105,0,752
1235,105,0,759
1228,105,0,767
1223,105,0,776
1217,105,0,783
1213,105,0,791
1208,105,0,800
1203,105,0,807
1198,105,0,816
1192,105,0,823
1189,105,0,832
1184,105,0,839
1180,105,0,848
1173,105,0,855
1166,105,0,864
1157,105,0,871
1146,105,0,880
1135,105,0,888
1122,105,0,895
1109,105,0,904
1097,105,0,912
1083,105,0,919
1069,105,0,927
1057,108,0,936
1046,110,0,943
1033,112,0,951
1022,112,0,959
1012,113,0,967
1000,117,0,976
990,118,0,984
980,118,0,991
972,120,0,1000
964,122,0,1007
957,122,0,1017
948,125,0,1023
944,125,0,1031
937,126,0,1040
928,126,0,1047
922,127,0,1056
912,131,0,1064
908,133,0,1071
901,134,0,1080
895,135,0,1088
889,138,0,1095
881,140,0,1104
876,142,0,1112
870,142,0,1119
863,146,0,1128
857,147,0,1136
848,151,0,1144
842,152,0,1152
833,153,0,1160
823,157,0,1168
812,159,0,1176
803,161,0,1183
795,165,0,1192
783,167,0,1200
775,171,0,1207
763,174,0,1218
755,175,0,1224
743,180,0,1231
734,181,0,1240
723,186,0,1247
716,187,0,1256
710,189,0,1263
701,192,0,1272
695,193,0,1279
687,196,0,1287
679,201,0,1295
673,202,0,1304
664,203,0,1311
655,206,0,1319
646,209,0,1328
636,212,0,1336
629,216,0,1343
621,219,0,1351
613,223,0,1359
606,226,0,1368
598,230,0,1375
592,233,0,1383
587,237,0,1392
582,238,0,1400
576,242,0,1407
573,245,0,1415
568,249,0,1424
563,253,0,1431
559,257,0,1440
554,262,0,1447
550,265,0,1456
546,269,0,1464
541,272,0,1472
537,277,0,1480
534,281,0,1487
529,286,0,1495
527,288,0,1503
524,293,0,1511
522,294,0,1519
520,298,0,1527
518,301,0,1536
517,306,0,1543
517,309,0,1551
515,313,0,1560
515,315,0,1567
515,319,0,1576
515,321,0,1584
514,325,0,1592
514,328,0,1600
514,331,0,1608
514,334,0,1616
514,338,0,1624
514,340,0,1631
514,344,0,1639
516,347,0,1647
516,350,0,1656
517,354,0,1664
520,358,0,1672
521,363,0,1680
522,366,0,1688
523,370,0,1695
526,375,0,1703
527,379,0,1711
528,382,0,1719
530,384,0,1728
532,389,0,1736
536,392,0,1744
537,393,0,1751
539,396,0,1759
542,399,0,1767
548,404,0,1776
553,407,0,1784
558,410,0,1791
563,415,0,1800
568,418,0,1807
574,422,0,1815
581,425,0,1824
586,428,0,1832
594,431,0,1840
601,434,0,1848
610,439,0,1856
618,443,0,1864
626,446,0,1871
634,451,0,1879
644,454,0,1888
653,457,0,1896
663,460,0,1903
676,464,0,1911
691,467,0,1920
708,473,0,1927
724,476,0,1936
740,481,0,1944
757,485,0,1952
770,490,0,1959
788,493,0,1967
800,498,0,1975
816,502,0,1983
830,507,0,1992
844,511,0,2000
861,516,0,2009
877,520,0,2016
896,525,0,2024
912,529,0,2032
935,537,0,2040
956,544,0,2047
981,548,0,2055
1002,556,0,2064
1025,564,0,2072
1049,568,0,2079
1073,576,0,2088
1099,582,0,2095
1121,586,0,2104
1143,592,0,2111
1165,598,0,2120
1191,606,0,2128
1213,612,0,2135
1239,618,0,2144
1265,628,0,2151
1287,634,0,2160
1309,638,0,2167
1327,644,0,2176
1343,648,0,2184
1361,656,0,2191
1375,664,0,2200
1389,668,0,2207
1403,676,0,2216
1419,682,0,2224
1433,691,0,2232
1442,697,0,2240
1456,705,0,2247
1465,712,0,2256
1477,721,0,2263
1484,730,0,2272
1493,738,0,2280
1501,748,0,2288
1506,756,0,2295
1512,769,0,2303
1517,780,0,2311
1520,792,0,2320
1521,801,0,2328
1521,811,0,2336
1521,818,0,2343
1521,824,0,2351
1521,830,0,2359
1517,835,0,2368
1513,841,0,2376
1509,846,0,2383
1507,850,0,2392
1503,855,0,2400
1500,859,0,2408
1495,865,0,2415
1492,870,0,2423
1489,873,0,2432
1487,878,0,2439
1483,882,0,2447
1480,888,0,2456
1475,893,0,2463
1471,896,0,2472
1468,900,0,2480
1462,902,0,2487
1458,906,0,2495
1452,908,0,2504
1447,912,0,2511
1441,914,0,2519
1434,918,0,2528
1429,919,0,2535
1422,923,0,2545
1417,924,0,2552
1408,927,0,2560
1400,929,0,2568
1391,930,0,2575
1381,932,0,2584
1369,933,0,2592
1359,933,0,2600
1348,933,0,2607
1337,936,0,2615
1326,937,0,2624
1317,939,0,2631
1307,939,0,264